-0.999762 0.000000 -0.021799 1.370500
0.000000 1.000000 0.000000 1.517390
0.021799 0.000000 -0.999762 1.449630

-0.999738 -0.000418 -0.022848 1.370020
-0.000464 0.999998 0.002027 1.526344
0.022848 0.002037 -0.999737 1.448990

-0.999745 0.001006 -0.022556 1.370669
0.000797 0.999956 0.009303 1.517287
0.022564 0.009283 -0.999702 1.450286

-0.999757 0.001846 -0.021966 1.369777
0.001666 0.999965 0.008176 1.514967
0.021980 0.008137 -0.999725 1.450406

-0.999756 0.002480 -0.021929 1.369543
0.002342 0.999977 0.006301 1.520461
0.021944 0.006248 -0.999739 1.449601

-0.999758 0.003130 -0.021743 1.369643
0.002943 0.999958 0.008628 1.520731
0.021770 0.008562 -0.999726 1.449689

-0.999767 0.003820 -0.021212 1.369041
0.003601 0.999940 0.010340 1.517871
0.021251 0.010261 -0.999721 1.449752

-0.999756 0.004203 -0.021657 1.369060
0.004001 0.999948 0.009373 1.517939
0.021695 0.009284 -0.999721 1.450172

-0.999758 0.003928 -0.021629 1.367602
0.003734 0.999953 0.008969 1.519331
0.021664 0.008886 -0.999725 1.450043

-0.999742 0.004366 -0.022272 1.367762
0.004157 0.999947 0.009404 1.519902
0.022312 0.009309 -0.999707 1.449820

-0.999736 0.004865 -0.022457 1.367391
0.004640 0.999939 0.010057 1.519440
0.022504 0.009950 -0.999697 1.450408

-0.999730 0.005851 -0.022468 1.367309
0.005622 0.999931 0.010269 1.517827
0.022526 0.010140 -0.999694 1.450940

-0.999725 0.006725 -0.022430 1.367228
0.006507 0.999931 0.009780 1.516867
0.022494 0.009631 -0.999700 1.451132

-0.999732 0.007032 -0.022038 1.367017
0.006831 0.999935 0.009171 1.516185
0.022101 0.009018 -0.999715 1.451676

-0.999737 0.007172 -0.021774 1.366966
0.006992 0.999941 0.008310 1.516363
0.021832 0.008155 -0.999728 1.451948

-0.999735 0.006776 -0.021999 1.367735
0.006606 0.999948 0.007787 1.515710
0.022051 0.007640 -0.999727 1.452501

-0.999736 0.006264 -0.022097 1.367274
0.006097 0.999952 0.007620 1.514579
0.022143 0.007483 -0.999726 1.452781

-0.999726 0.005024 -0.022833 1.365983
0.004866 0.999964 0.006933 1.514130
0.022867 0.006820 -0.999715 1.452909

-0.999697 0.004834 -0.024131 1.365573
0.004682 0.999969 0.006348 1.514128
0.024161 0.006233 -0.999688 1.453378

-0.999656 0.004837 -0.025762 1.366492
0.004688 0.999972 0.005846 1.513329
0.025790 0.005723 -0.999651 1.453128

-0.999608 0.004828 -0.027556 1.366932
0.004704 0.999979 0.004559 1.513577
0.027577 0.004427 -0.999609 1.453369

-0.999574 0.004818 -0.028772 1.366413
0.004713 0.999982 0.003697 1.514408
0.028790 0.003560 -0.999579 1.453250

-0.999546 0.005074 -0.029677 1.365634
0.004977 0.999982 0.003356 1.514780
0.029693 0.003207 -0.999554 1.452937

-0.999522 0.004764 -0.030544 1.364364
0.004659 0.999983 0.003522 1.514933
0.030560 0.003378 -0.999527 1.452664

-0.999460 0.004929 -0.032481 1.364864
0.004818 0.999982 0.003494 1.515421
0.032498 0.003336 -0.999466 1.452914

-0.999394 0.005238 -0.034401 1.364584
0.005107 0.999979 0.003900 1.514761
0.034421 0.003722 -0.999400 1.452860

-0.999330 0.005774 -0.036143 1.362655
0.005644 0.999977 0.003685 1.515923
0.036164 0.003479 -0.999339 1.452842

-0.999245 0.007353 -0.038138 1.361394
0.007202 0.999966 0.004088 1.515354
0.038167 0.003810 -0.999264 1.452799

-0.999106 0.009332 -0.041213 1.362166
0.009173 0.999950 0.004048 1.516885
0.041249 0.003667 -0.999142 1.452552

-0.998973 0.011128 -0.043917 1.359956
0.010923 0.999928 0.004896 1.516617
0.043968 0.004411 -0.999023 1.452431

-0.998763 0.013811 -0.047767 1.358125
0.013574 0.999894 0.005287 1.515440
0.047835 0.004632 -0.998844 1.452120

-0.998438 0.016415 -0.053397 1.358326
0.016180 0.999857 0.004838 1.516014
0.053468 0.003967 -0.998561 1.451306

-0.998070 0.018672 -0.059223 1.358637
0.018398 0.999817 0.005171 1.516247
0.059309 0.004071 -0.998231 1.450549

-0.997578 0.021910 -0.066003 1.358347
0.021589 0.999751 0.005578 1.515640
0.066108 0.004140 -0.997803 1.449905

-0.997072 0.025127 -0.072214 1.357000
0.024820 0.999679 0.005148 1.517296
0.072320 0.003340 -0.997376 1.449024

-0.996482 0.028833 -0.078692 1.355910
0.028456 0.999578 0.005912 1.517239
0.078830 0.003652 -0.996881 1.448528

-0.994990 0.036907 -0.092905 1.354303
0.036481 0.999315 0.006271 1.518138
0.093073 0.002851 -0.995655 1.446832

-0.994054 0.040913 -0.100904 1.352663
0.040424 0.999159 0.006882 1.517915
0.101100 0.002762 -0.994872 1.445858

-0.993116 0.043978 -0.108562 1.351384
0.043487 0.999030 0.006884 1.518097
0.108760 0.002116 -0.994065 1.445516

-0.992071 0.047180 -0.116485 1.349768
0.046773 0.998886 0.006226 1.521626
0.116649 0.000729 -0.993173 1.444061

-0.990932 0.050545 -0.124494 1.347868
0.049852 0.998719 0.008679 1.521459
0.124773 0.002394 -0.992182 1.443772

-0.989534 0.054774 -0.133495 1.346046
0.053769 0.998491 0.011122 1.519173
0.133903 0.003828 -0.990987 1.443252

-0.987858 0.058908 -0.143756 1.344646
0.057741 0.998256 0.012280 1.517648
0.144228 0.003831 -0.989537 1.442332

-0.986156 0.063395 -0.153218 1.342588
0.062374 0.997987 0.011462 1.519745
0.153637 0.001746 -0.988126 1.441286

-0.985776 0.072624 -0.151562 1.314645
0.071388 0.997356 0.013589 1.520192
0.152148 0.002576 -0.988354 1.445747

-0.987720 0.074353 -0.137408 1.254568
0.073030 0.997222 0.014652 1.523525
0.138115 0.004437 -0.990406 1.458139

-0.986013 0.078256 -0.147151 1.251949
0.076885 0.996927 0.014992 1.523790
0.147872 0.003469 -0.989000 1.457816

-0.984164 0.082351 -0.156969 1.249560
0.080877 0.996599 0.015767 1.524833
0.157734 0.002822 -0.987477 1.457608

-0.982332 0.086000 -0.166214 1.246990
0.084399 0.996292 0.016683 1.525077
0.167032 0.002360 -0.985948 1.457414

-0.980396 0.089427 -0.175573 1.244141
0.087771 0.995992 0.017191 1.526088
0.176407 0.001444 -0.984316 1.457656

-0.978443 0.092843 -0.184468 1.240922
0.091092 0.995680 0.017965 1.526981
0.185339 0.000774 -0.982674 1.457707

-0.976219 0.095930 -0.194404 1.239533
0.094036 0.995388 0.018969 1.527862
0.195327 0.000237 -0.980738 1.457667

-0.973915 0.099106 -0.204123 1.236253
0.096904 0.995077 0.020778 1.527503
0.205177 0.000456 -0.978724 1.458189

-0.971615 0.102285 -0.213311 1.232849
0.100018 0.994755 0.021422 1.525302
0.214384 -0.000521 -0.976749 1.459203

-0.969082 0.105561 -0.223017 1.231441
0.103715 0.994406 0.020008 1.526793
0.223881 -0.003741 -0.974609 1.459404

-0.966218 0.109826 -0.233153 1.231864
0.108166 0.993933 0.019932 1.529406
0.233927 -0.005961 -0.972235 1.458794

-0.963513 0.114425 -0.241970 1.229905
0.112770 0.993405 0.020728 1.530525
0.242746 -0.007316 -0.970062 1.459227

-0.960439 0.119717 -0.251444 1.228055
0.118130 0.992766 0.021455 1.530995
0.252194 -0.009096 -0.967634 1.459788

-0.957451 0.124600 -0.260310 1.225024
0.122929 0.992154 0.022760 1.531782
0.261104 -0.010208 -0.965256 1.460984

-0.954118 0.130523 -0.269486 1.223184
0.128578 0.991386 0.024936 1.532083
0.270419 -0.010858 -0.962681 1.461294

-0.950980 0.136309 -0.277590 1.219623
0.134082 0.990600 0.027085 1.532220
0.278673 -0.011462 -0.960317 1.462642

-0.947599 0.141844 -0.286243 1.216122
0.139569 0.989804 0.028447 1.531659
0.287359 -0.012994 -0.957734 1.463799

-0.944164 0.146565 -0.295079 1.212493
0.144444 0.989085 0.029100 1.533634
0.296123 -0.015147 -0.955029 1.465528

-0.940683 0.151181 -0.303743 1.208531
0.148766 0.988379 0.031222 1.533369
0.304934 -0.015817 -0.952242 1.467485

-0.937102 0.155571 -0.312470 1.204020
0.152973 0.987680 0.032973 1.534283
0.313750 -0.016900 -0.949355 1.469874

-0.933056 0.160192 -0.322095 1.200788
0.157386 0.986920 0.034916 1.534767
0.323475 -0.018115 -0.946063 1.471945

-0.928970 0.164940 -0.331374 1.196266
0.161962 0.986111 0.036788 1.534489
0.332840 -0.019495 -0.942782 1.474824

-0.924873 0.169578 -0.340371 1.192996
0.166663 0.985281 0.038016 1.536513
0.341808 -0.021567 -0.939522 1.476756

-0.920354 0.175198 -0.349646 1.190786
0.172009 0.984266 0.040418 1.537911
0.351226 -0.022944 -0.936009 1.477754

-0.916433 0.180477 -0.357180 1.186825
0.176638 0.983308 0.043642 1.537364
0.359094 -0.023096 -0.933015 1.480111

-0.911897 0.186025 -0.365839 1.184104
0.181988 0.982232 0.045828 1.537430
0.367864 -0.024788 -0.929549 1.481651

-0.907105 0.191258 -0.374940 1.181833
0.186858 0.981192 0.048437 1.537986
0.377153 -0.026123 -0.925782 1.482951

-0.902721 0.195861 -0.383057 1.177531
0.191274 0.980239 0.050444 1.538337
0.385368 -0.027732 -0.922346 1.485805

-0.897470 0.201005 -0.392611 1.176000
0.196482 0.979120 0.052140 1.538245
0.394894 -0.030347 -0.918225 1.486719

-0.893269 0.204826 -0.400144 1.171100
0.200316 0.978265 0.053577 1.540755
0.402421 -0.032297 -0.914884 1.489926

-0.888397 0.209342 -0.408567 1.168160
0.204538 0.977257 0.055976 1.542009
0.410993 -0.033839 -0.911010 1.492051

-0.884146 0.213199 -0.415729 1.163667
0.207868 0.976397 0.058646 1.542927
0.418420 -0.034565 -0.907595 1.495560

-0.879698 0.217611 -0.422820 1.159725
0.211891 0.975379 0.061146 1.543289
0.425716 -0.035802 -0.904148 1.498186

-0.871120 0.225986 -0.435981 1.151322
0.219707 0.973362 0.065542 1.544409
0.439179 -0.038693 -0.897566 1.504511

-0.866760 0.229731 -0.442663 1.147450
0.223608 0.972387 0.066807 1.544751
0.445787 -0.041077 -0.894195 1.507076

-0.862520 0.233030 -0.449172 1.144261
0.227116 0.971498 0.067894 1.547663
0.452191 -0.043455 -0.890861 1.509456

-0.857858 0.237450 -0.455737 1.141150
0.231301 0.970347 0.070183 1.547987
0.458888 -0.045206 -0.887343 1.511604

-0.853385 0.240337 -0.462569 1.138961
0.234439 0.969518 0.071221 1.550903
0.465587 -0.047666 -0.883717 1.513032

-0.849023 0.244129 -0.468573 1.135691
0.237932 0.968499 0.073477 1.552265
0.471750 -0.049105 -0.880364 1.515344

-0.843990 0.248223 -0.475464 1.133652
0.242009 0.967338 0.075426 1.553432
0.478657 -0.051408 -0.876495 1.516599

-0.839617 0.252276 -0.481040 1.130100
0.245846 0.966197 0.077607 1.553924
0.484358 -0.053101 -0.873257 1.518997

-0.835407 0.256277 -0.486227 1.126487
0.249714 0.965042 0.079603 1.553096
0.489630 -0.054917 -0.870199 1.521636

-0.830780 0.259201 -0.492563 1.123806
0.253256 0.964072 0.080170 1.553619
0.495646 -0.058141 -0.866576 1.523725

-0.825983 0.262110 -0.499049 1.121616
0.256907 0.963068 0.080613 1.555694
0.501748 -0.061624 -0.862816 1.525333

-0.821297 0.265750 -0.504823 1.119166
0.260649 0.961917 0.082325 1.556459
0.507476 -0.063968 -0.859288 1.526957

-0.817082 0.269071 -0.509879 1.116213
0.263899 0.960871 0.084168 1.555623
0.512575 -0.065784 -0.856118 1.529052

-0.812949 0.270758 -0.515562 1.114123
0.266407 0.960178 0.084182 1.556946
0.517824 -0.068914 -0.852707 1.530958

-0.808989 0.272699 -0.520741 1.111642
0.268747 0.959459 0.084936 1.557502
0.522791 -0.071236 -0.849479 1.532363

-0.805407 0.274882 -0.525127 1.108560
0.270911 0.958724 0.086347 1.557185
0.527187 -0.072719 -0.846631 1.534550

-0.801669 0.276632 -0.529907 1.106019
0.272976 0.958063 0.087174 1.557507
0.531799 -0.074768 -0.843563 1.536946

-0.797892 0.278581 -0.534566 1.103737
0.275368 0.957314 0.087875 1.557780
0.536228 -0.077087 -0.840546 1.539006

-0.794143 0.280079 -0.539345 1.102838
0.277556 0.956661 0.088109 1.558888
0.540647 -0.079728 -0.837462 1.539666

-0.791345 0.281803 -0.542550 1.100196
0.279226 0.956063 0.089313 1.559510
0.543880 -0.080816 -0.835262 1.541954

-0.788512 0.283397 -0.545834 1.098747
0.280972 0.955469 0.090188 1.560916
0.547086 -0.082250 -0.833025 1.543246

-0.785778 0.285560 -0.548642 1.096304
0.282738 0.954775 0.092002 1.559111
0.550102 -0.082829 -0.830979 1.544790

-0.782912 0.287084 -0.551934 1.094273
0.284924 0.954114 0.092113 1.558486
0.553052 -0.085142 -0.828784 1.546425

-0.780136 0.288252 -0.555246 1.092010
0.287200 0.953493 0.091474 1.557992
0.555791 -0.088104 -0.826640 1.547754

-0.777250 0.289358 -0.558707 1.090359
0.288801 0.952979 0.091786 1.557018
0.558996 -0.090014 -0.824270 1.549090

-0.774457 0.290643 -0.561909 1.087695
0.290848 0.952361 0.091737 1.555751
0.561803 -0.092383 -0.822096 1.551069

-0.771431 0.290622 -0.566068 1.086154
0.292324 0.952037 0.090404 1.555267
0.565191 -0.095734 -0.819386 1.552303

-0.768388 0.289828 -0.570595 1.085343
0.293024 0.951959 0.088940 1.555275
0.568960 -0.098858 -0.816401 1.553021

-0.764867 0.287339 -0.576554 1.081759
0.293176 0.952216 0.085627 1.552945
0.573608 -0.103538 -0.812559 1.556060

-0.763692 0.286012 -0.578767 1.080197
0.293670 0.952288 0.083094 1.552290
0.574919 -0.106508 -0.811248 1.557354

-0.762639 0.285229 -0.580539 1.079325
0.294737 0.952171 0.080629 1.551196
0.575770 -0.109615 -0.810230 1.558473

-0.761857 0.284487 -0.581928 1.078142
0.295805 0.952045 0.078159 1.549061
0.576257 -0.112591 -0.809475 1.559859

-0.760559 0.282677 -0.584502 1.075847
0.297965 0.951812 0.072601 1.546403
0.576859 -0.118944 -0.808137 1.562120

-0.760202 0.281739 -0.585419 1.074574
0.298851 0.951732 0.069956 1.543970
0.576871 -0.121772 -0.807707 1.563178

-0.759742 0.279515 -0.587080 1.073652
0.299236 0.951896 0.065964 1.542426
0.577277 -0.125560 -0.806836 1.564228

-0.759468 0.276652 -0.588787 1.072448
0.299058 0.952240 0.061677 1.539940
0.577730 -0.129240 -0.805931 1.565785

-0.759675 0.273580 -0.589956 1.071986
0.298591 0.952660 0.057287 1.538466
0.577700 -0.132636 -0.805400 1.566805

-0.760588 0.270119 -0.590373 1.071092
0.296921 0.953392 0.053686 1.535900
0.577359 -0.134461 -0.805342 1.568225

-0.761078 0.265328 -0.591912 1.070691
0.294893 0.954294 0.048594 1.535378
0.577752 -0.137567 -0.804536 1.568724

-0.761284 0.261379 -0.593403 1.070498
0.293049 0.955051 0.044720 1.532677
0.578419 -0.139851 -0.803662 1.569108

-0.761799 0.257830 -0.594295 1.070506
0.291782 0.955624 0.040568 1.531672
0.578382 -0.142500 -0.803223 1.570108

-0.762562 0.254926 -0.594568 1.071355
0.290151 0.956232 0.037861 1.530354
0.578197 -0.143643 -0.803153 1.569610

-0.766089 0.250312 -0.591989 1.072160
0.288827 0.956885 0.030832 1.525610
0.574183 -0.147363 -0.805356 1.570272

-0.769085 0.247461 -0.589296 1.072998
0.288507 0.957141 0.025400 1.523350
0.570325 -0.150481 -0.807517 1.569944

-0.772538 0.244504 -0.586004 1.073758
0.287733 0.957498 0.020184 1.522340
0.566033 -0.153020 -0.810056 1.569967

-0.775727 0.242022 -0.582814 1.074364
0.286812 0.957853 0.016015 1.519412
0.562127 -0.154735 -0.812447 1.569394

-0.779109 0.239237 -0.579443 1.074583
0.285860 0.958205 0.011255 1.517531
0.557918 -0.156871 -0.814934 1.569469

-0.782091 0.235501 -0.576951 1.075892
0.284049 0.958789 0.006315 1.515993
0.554662 -0.158943 -0.816754 1.568730

-0.784798 0.231894 -0.574732 1.076801
0.282092 0.959386 0.001899 1.514444
0.551830 -0.160637 -0.818339 1.568311

-0.787642 0.228358 -0.572251 1.076758
0.280186 0.959942 -0.002579 1.511723
0.548739 -0.162368 -0.820074 1.568492

-0.790298 0.224032 -0.570296 1.078588
0.277825 0.960601 -0.007644 1.510928
0.546115 -0.164483 -0.821403 1.567041

-0.793479 0.220806 -0.567129 1.080570
0.275214 0.961323 -0.010774 1.510812
0.542815 -0.164631 -0.823558 1.565758

-0.797301 0.218526 -0.562634 1.082450
0.272487 0.962079 -0.012468 1.510525
0.538573 -0.163251 -0.826612 1.564557

-0.801050 0.216931 -0.557906 1.083680
0.270526 0.962609 -0.014134 1.509711
0.533979 -0.162250 -0.829783 1.562859

-0.804672 0.215232 -0.553334 1.085540
0.269261 0.962917 -0.017017 1.508027
0.529152 -0.162685 -0.832785 1.561298

-0.808585 0.213502 -0.548275 1.088102
0.268116 0.963172 -0.020347 1.507754
0.523739 -0.163454 -0.836050 1.559022

-0.813281 0.212369 -0.541731 1.089452
0.266856 0.963464 -0.022924 1.506149
0.517070 -0.163208 -0.840239 1.557672

-0.818014 0.210917 -0.535133 1.090460
0.265672 0.963705 -0.026275 1.503554
0.510168 -0.163663 -0.844359 1.556380

-0.827312 0.206421 -0.522441 1.093922
0.261589 0.964611 -0.033115 1.503635
0.497117 -0.164061 -0.852032 1.553164

-0.831259 0.204768 -0.516796 1.096153
0.259933 0.964965 -0.035754 1.502861
0.491368 -0.164052 -0.855362 1.551245

-0.835907 0.202610 -0.510105 1.097152
0.257673 0.965454 -0.038776 1.500996
0.484627 -0.163853 -0.859237 1.549923

-0.840502 0.200998 -0.503146 1.098912
0.255517 0.965936 -0.040964 1.499262
0.477774 -0.162993 -0.863229 1.548254

-0.845151 0.199755 -0.495799 1.100250
0.253606 0.966353 -0.042964 1.496747
0.470534 -0.162048 -0.867374 1.546814

-0.849554 0.197327 -0.489202 1.102552
0.251294 0.966797 -0.046427 1.496302
0.463798 -0.162376 -0.870933 1.545154

-0.853732 0.196319 -0.482286 1.105113
0.249543 0.967172 -0.048039 1.496056
0.457022 -0.161363 -0.874695 1.543708

-0.857864 0.195603 -0.475192 1.106941
0.247784 0.967573 -0.049044 1.492572
0.450190 -0.159818 -0.878514 1.541897

-0.861716 0.194064 -0.468812 1.109071
0.246032 0.967889 -0.051570 1.491897
0.443750 -0.159782 -0.881791 1.540460

-0.865269 0.192146 -0.463022 1.111971
0.243702 0.968370 -0.053560 1.490935
0.438085 -0.159183 -0.884727 1.538107

-0.869149 0.190443 -0.456410 1.113531
0.241233 0.968902 -0.055096 1.489716
0.431724 -0.157988 -0.888062 1.537343

-0.872547 0.188283 -0.450788 1.116723
0.238844 0.969358 -0.057431 1.489723
0.426162 -0.157779 -0.890781 1.535212

-0.875862 0.186095 -0.445235 1.120376
0.236294 0.969860 -0.059463 1.490990
0.420750 -0.157288 -0.893437 1.532862

-0.879096 0.184611 -0.439441 1.124008
0.233820 0.970422 -0.060074 1.490716
0.415353 -0.155561 -0.896260 1.530633

-0.882568 0.182493 -0.433323 1.127291
0.231172 0.970940 -0.061930 1.492034
0.409429 -0.154829 -0.899108 1.528240

-0.886070 0.180903 -0.426793 1.131391
0.228312 0.971601 -0.062172 1.489882
0.403426 -0.152531 -0.902209 1.525590

-0.890106 0.178790 -0.419218 1.134211
0.225103 0.972277 -0.063290 1.488207
0.396281 -0.150702 -0.905676 1.523819

-0.893749 0.175996 -0.412598 1.138413
0.221931 0.972842 -0.065765 1.488935
0.389819 -0.150346 -0.908536 1.521256

-0.897209 0.173450 -0.406117 1.142916
0.218385 0.973584 -0.066652 1.488103
0.383828 -0.148490 -0.911387 1.518467

-0.900948 0.170855 -0.398873 1.147104
0.214622 0.974368 -0.067409 1.486127
0.377132 -0.146339 -0.914525 1.516616

-0.905022 0.167560 -0.390970 1.149885
0.210445 0.975152 -0.069216 1.484952
0.369657 -0.144919 -0.917797 1.514975

-0.908539 0.164418 -0.384087 1.153696
0.206503 0.975887 -0.070718 1.484816
0.363198 -0.143566 -0.920584 1.513121

-0.912047 0.161996 -0.376732 1.156736
0.202755 0.976660 -0.070893 1.483611
0.356455 -0.141042 -0.923605 1.511465

-0.915369 0.159337 -0.369745 1.159666
0.198954 0.977409 -0.071344 1.482464
0.350024 -0.138868 -0.926390 1.510060

-0.918388 0.155800 -0.363716 1.163998
0.194731 0.978159 -0.072699 1.483098
0.344446 -0.137592 -0.928668 1.508336

-0.921551 0.153218 -0.356746 1.168031
0.191073 0.978844 -0.073181 1.483743
0.337986 -0.135604 -0.931330 1.506327

-0.925158 0.151167 -0.348182 1.171083
0.187740 0.979457 -0.073606 1.484938
0.329903 -0.133465 -0.934532 1.504600

-0.928715 0.149515 -0.339312 1.175241
0.184655 0.980047 -0.073561 1.481713
0.321544 -0.130973 -0.937793 1.502649

-0.932338 0.146277 -0.330679 1.180705
0.180629 0.980650 -0.075484 1.483040
0.313239 -0.130106 -0.940719 1.499909

-0.935989 0.143159 -0.321606 1.184737
0.176164 0.981436 -0.075828 1.483275
0.304780 -0.127629 -0.943832 1.497721

-0.939194 0.140486 -0.313334 1.188517
0.172479 0.982023 -0.076692 1.480920
0.296927 -0.126073 -0.946541 1.495818

-0.942551 0.135822 -0.305202 1.192319
0.167260 0.982726 -0.079208 1.482114
0.289172 -0.125706 -0.948987 1.494005

-0.945643 0.132349 -0.297058 1.196101
0.162763 0.983418 -0.079988 1.483178
0.281545 -0.123990 -0.951503 1.492502

-0.948853 0.129398 -0.287983 1.198560
0.158452 0.984130 -0.079879 1.480549
0.273077 -0.121425 -0.954298 1.491578

-0.952037 0.125847 -0.278902 1.200739
0.153927 0.984749 -0.081092 1.479592
0.264443 -0.120134 -0.956889 1.490520

-0.955467 0.122175 -0.268618 1.201460
0.149220 0.985347 -0.082606 1.480033
0.254590 -0.119011 -0.959698 1.490135

-0.958679 0.118234 -0.258754 1.202733
0.144287 0.985959 -0.084058 1.481888
0.245183 -0.117919 -0.962278 1.488686

-0.961816 0.114094 -0.248781 1.202892
0.138771 0.986759 -0.083965 1.480960
0.235907 -0.115282 -0.964913 1.488343

-0.964869 0.111227 -0.238025 1.203041
0.134492 0.987365 -0.083796 1.479609
0.225697 -0.112865 -0.967637 1.488420

-0.967539 0.106818 -0.229034 1.205409
0.128920 0.988110 -0.083774 1.477641
0.217363 -0.110582 -0.969806 1.487498

-0.970176 0.102330 -0.219740 1.207670
0.123374 0.988778 -0.084248 1.477311
0.208653 -0.108846 -0.971913 1.486958

-0.973049 0.097336 -0.209046 1.209252
0.117234 0.989462 -0.084976 1.478943
0.198572 -0.107193 -0.974206 1.486244

-0.975541 0.093322 -0.199024 1.210390
0.111947 0.990119 -0.084454 1.477383
0.189176 -0.104669 -0.976348 1.485979

-0.977749 0.091085 -0.188969 1.213141
0.108610 0.990483 -0.084541 1.477154
0.179470 -0.103184 -0.978337 1.485239

-0.979858 0.088648 -0.178941 1.213500
0.105067 0.990873 -0.084448 1.475933
0.169822 -0.101548 -0.980228 1.485271

-0.981509 0.086417 -0.170796 1.217980
0.102035 0.991154 -0.084874 1.475225
0.161950 -0.100732 -0.981644 1.483973

-0.983349 0.083337 -0.161487 1.219752
0.098095 0.991483 -0.085671 1.476494
0.152972 -0.100085 -0.983149 1.483644

-0.984892 0.080944 -0.153084 1.224792
0.094968 0.991705 -0.086619 1.476052
0.144803 -0.099849 -0.984409 1.483134

-0.986760 0.077449 -0.142500 1.224902
0.090495 0.992049 -0.087464 1.476374
0.134593 -0.099201 -0.985922 1.482652

-0.988393 0.073617 -0.132887 1.227374
0.085843 0.992349 -0.088739 1.478053
0.125337 -0.099117 -0.987150 1.482378

-0.989766 0.069775 -0.124471 1.230306
0.081282 0.992628 -0.089902 1.478894
0.117281 -0.099100 -0.988142 1.481374

-0.991223 0.065315 -0.114933 1.232686
0.075900 0.993021 -0.090270 1.477525
0.108235 -0.098201 -0.989263 1.480562

-0.992601 0.060158 -0.105472 1.235398
0.069883 0.993390 -0.091066 1.479146
0.099296 -0.097763 -0.990243 1.479752

-0.993741 0.055484 -0.096955 1.236875
0.064285 0.993851 -0.090148 1.477056
0.091357 -0.095817 -0.991197 1.479540

-0.994747 0.051329 -0.088558 1.239586
0.059377 0.994100 -0.090772 1.477415
0.083377 -0.095554 -0.991926 1.479181

-0.995796 0.046837 -0.078715 1.241006
0.053926 0.994437 -0.090481 1.476746
0.074040 -0.094346 -0.992782 1.478660

-0.996665 0.043555 -0.068996 1.243428
0.049705 0.994693 -0.090089 1.478312
0.064706 -0.093218 -0.993541 1.478887

-0.997453 0.040744 -0.058539 1.242886
0.045878 0.994955 -0.089221 1.476243
0.054609 -0.091679 -0.994290 1.478859

-0.998063 0.038434 -0.048920 1.246616
0.042719 0.995045 -0.089779 1.476889
0.045227 -0.091694 -0.994759 1.478868

-0.998647 0.034851 -0.038581 1.242786
0.038169 0.995308 -0.088914 1.476304
0.035301 -0.090267 -0.995291 1.478661

-0.999080 0.031443 -0.029137 1.245026
0.033898 0.995543 -0.088007 1.475792
0.026240 -0.088913 -0.995693 1.478602

-0.999455 0.027346 -0.018465 1.240165
0.028847 0.995826 -0.086592 1.474558
0.016020 -0.087078 -0.996072 1.478338

-0.999678 0.023480 -0.009563 1.241473
0.024212 0.996042 -0.085520 1.473297
0.007517 -0.085724 -0.996290 1.478390

-0.999808 0.019588 -0.000252 1.239312
0.019538 0.996191 -0.084986 1.472840
-0.001414 -0.084974 -0.996382 1.478137

-0.999825 0.016539 0.008670 1.240613
0.015752 0.996327 -0.084174 1.473119
-0.010031 -0.084023 -0.996413 1.478058

-0.999744 0.014411 0.017405 1.243622
0.012925 0.996495 -0.082649 1.471828
-0.018535 -0.082403 -0.996426 1.477662

-0.999562 0.013468 0.026347 1.244620
0.011282 0.996616 -0.081422 1.469630
-0.027354 -0.081089 -0.996331 1.477031

-0.999293 0.012047 0.035594 1.246833
0.009089 0.996579 -0.082147 1.471331
-0.036462 -0.081765 -0.995984 1.476342

-0.998965 0.009907 0.044383 1.249396
0.006221 0.996577 -0.082438 1.473795
-0.045048 -0.082076 -0.995607 1.474806

-0.998571 0.007020 0.052971 1.251095
0.002720 0.996725 -0.080821 1.472217
-0.053364 -0.080562 -0.995320 1.473919

-0.998019 0.003088 0.062834 1.250709
-0.002040 0.996681 -0.081379 1.474996
-0.062877 -0.081346 -0.994700 1.472087

-0.997404 -0.000766 0.072004 1.252518
-0.006467 0.996856 -0.078974 1.473037
-0.071717 -0.079235 -0.994272 1.471487

-0.996730 -0.004718 0.080667 1.255425
-0.010953 0.996969 -0.077022 1.469458
-0.080059 -0.077654 -0.993760 1.470774

-0.995892 -0.009352 0.090060 1.257605
-0.016360 0.996866 -0.077394 1.468980
-0.089054 -0.078549 -0.992924 1.469826

-0.994779 -0.013583 0.101145 1.257000
-0.021515 0.996741 -0.077746 1.471899
-0.099759 -0.079517 -0.991829 1.467869

-0.993789 -0.017458 0.109899 1.261008
-0.025911 0.996774 -0.075964 1.470539
-0.108218 -0.078340 -0.991035 1.466991

-0.992503 -0.021440 0.120319 1.262080
-0.030566 0.996751 -0.074525 1.470595
-0.118330 -0.077644 -0.989934 1.465487

-0.991038 -0.026152 0.130996 1.263502
-0.035870 0.996731 -0.072386 1.472319
-0.128675 -0.076436 -0.988736 1.464206

-0.989185 -0.030262 0.143512 1.260720
-0.040533 0.996780 -0.069191 1.468262
-0.140956 -0.074260 -0.987226 1.461936

-0.987402 -0.033552 0.154634 1.260920
-0.044560 0.996671 -0.068281 1.466738
-0.151828 -0.074311 -0.985609 1.460501

-0.985164 -0.037068 0.167561 1.258374
-0.049030 0.996492 -0.067824 1.467511
-0.164459 -0.075033 -0.983526 1.458266

-0.982698 -0.041306 0.180550 1.256167
-0.054280 0.996241 -0.067515 1.468279
-0.177082 -0.076148 -0.981245 1.454814

-0.980254 -0.045006 0.192551 1.255652
-0.058942 0.995992 -0.067272 1.470274
-0.188751 -0.077293 -0.978978 1.451464

-0.977551 -0.049420 0.204819 1.253993
-0.064054 0.995798 -0.065444 1.469826
-0.200725 -0.077095 -0.976609 1.449200

-0.975036 -0.054013 0.215377 1.255122
-0.069194 0.995576 -0.063572 1.467733
-0.210990 -0.076888 -0.974459 1.447485

-0.972552 -0.058808 0.225129 1.256295
-0.074815 0.995190 -0.063235 1.468901
-0.220327 -0.078343 -0.972275 1.445459

-0.970322 -0.063064 0.233445 1.260006
-0.079468 0.994936 -0.061534 1.469172
-0.228383 -0.078259 -0.970421 1.444327

-0.971837 -0.071493 0.224545 1.302210
-0.087101 0.994368 -0.060381 1.474728
-0.218963 -0.078238 -0.972591 1.458091

-0.969670 -0.075371 0.232505 1.307396
-0.090992 0.994208 -0.057197 1.471480
-0.226847 -0.076619 -0.970911 1.458848

-0.967295 -0.078923 0.241063 1.310658
-0.095088 0.993884 -0.056155 1.472699
-0.235157 -0.077241 -0.968883 1.458237

-0.964853 -0.082716 0.249432 1.314368
-0.099132 0.993610 -0.053965 1.472617
-0.243374 -0.076795 -0.966887 1.458036

-0.962371 -0.086304 0.257670 1.318808
-0.103140 0.993279 -0.052528 1.473091
-0.251405 -0.077128 -0.964804 1.458209

-0.959896 -0.090239 0.265434 1.323518
-0.107176 0.992982 -0.050000 1.472727
-0.259059 -0.076443 -0.962831 1.458056

-0.957216 -0.093805 0.273747 1.327338
-0.111049 0.992648 -0.048155 1.473131
-0.267217 -0.076494 -0.960595 1.458523

-0.954498 -0.097301 0.281897 1.330969
-0.115026 0.992251 -0.046985 1.473780
-0.275140 -0.077272 -0.958293 1.458104

-0.951656 -0.101280 0.289986 1.333637
-0.119177 0.991867 -0.044690 1.472814
-0.283101 -0.077089 -0.955986 1.458846

-0.949078 -0.104671 0.297143 1.337817
-0.122948 0.991462 -0.043447 1.472737
-0.290058 -0.077768 -0.953844 1.459475

-0.945921 -0.108773 0.305616 1.340408
-0.127519 0.990947 -0.041997 1.473444
-0.298281 -0.078698 -0.951228 1.459498

-0.942721 -0.113564 0.313656 1.343009
-0.132758 0.990323 -0.040454 1.474540
-0.306027 -0.079777 -0.948674 1.459742

-0.939668 -0.117968 0.321103 1.345871
-0.137795 0.989667 -0.039651 1.477336
-0.313108 -0.081505 -0.946213 1.460119

-0.936670 -0.122176 0.328210 1.349455
-0.142595 0.989021 -0.038785 1.481332
-0.319868 -0.083130 -0.943808 1.460341

-0.933311 -0.126214 0.336155 1.351724
-0.146672 0.988527 -0.036068 1.480957
-0.327747 -0.082967 -0.941115 1.460732

-0.925720 -0.133622 0.353817 1.354501
-0.155507 0.987249 -0.034023 1.487170
-0.344759 -0.086517 -0.934695 1.459591

-0.921925 -0.137090 0.362298 1.357081
-0.158745 0.986847 -0.030538 1.487114
-0.353346 -0.085667 -0.931562 1.460435

-0.917661 -0.140796 0.371582 1.358103
-0.162988 0.986207 -0.028832 1.489475
-0.362397 -0.087021 -0.927952 1.459903

-0.913542 -0.144675 0.380145 1.359996
-0.167238 0.985552 -0.026816 1.492122
-0.370773 -0.088072 -0.924538 1.460181

-0.909259 -0.148450 0.388857 1.361516
-0.171120 0.984955 -0.024111 1.492782
-0.379428 -0.088465 -0.920982 1.459758

-0.904980 -0.151821 0.397442 1.363395
-0.174297 0.984473 -0.020813 1.491969
-0.388111 -0.088108 -0.917391 1.459947

-0.900571 -0.155317 0.406014 1.365257
-0.177801 0.983902 -0.017994 1.493317
-0.396684 -0.088395 -0.913689 1.459917

-0.896579 -0.158887 0.413401 1.368507
-0.181459 0.983274 -0.015633 1.493821
-0.404003 -0.089032 -0.910414 1.460726

-0.892742 -0.161750 0.420533 1.371769
-0.184704 0.982693 -0.014131 1.497176
-0.410969 -0.090289 -0.907167 1.461095

-0.889269 -0.165343 0.426452 1.375821
-0.187853 0.982136 -0.010934 1.500274
-0.417026 -0.089834 -0.904444 1.462857

-0.885543 -0.168559 0.432898 1.378611
-0.190421 0.981675 -0.007290 1.500178
-0.423736 -0.088889 -0.901413 1.463516

-0.882053 -0.171886 0.438676 1.381912
-0.193566 0.981076 -0.004791 1.502561
-0.429551 -0.089138 -0.898632 1.464515

-0.878701 -0.175838 0.443808 1.385514
-0.196711 0.980461 -0.001010 1.504641
-0.434958 -0.088189 -0.896121 1.465787

-0.875122 -0.179321 0.449450 1.388303
-0.199352 0.979924 0.002812 1.505235
-0.440931 -0.087138 -0.893301 1.466606

-0.871518 -0.182532 0.455124 1.390905
-0.202150 0.979338 0.005675 1.507090
-0.446756 -0.087057 -0.890410 1.467019

-0.867998 -0.185706 0.460534 1.393675
-0.204596 0.978804 0.009079 1.508132
-0.452459 -0.086343 -0.887595 1.468149

-0.864239 -0.189025 0.466218 1.396056
-0.207429 0.978175 0.012079 1.509269
-0.458326 -0.086268 -0.884587 1.468517

-0.857284 -0.195955 0.476094 1.400669
-0.214076 0.976677 0.016512 1.512899
-0.468225 -0.087765 -0.879239 1.469587

-0.853943 -0.199610 0.480558 1.403219
-0.216946 0.975981 0.019885 1.513741
-0.472985 -0.087274 -0.876737 1.470952

-0.850340 -0.202373 0.485764 1.405139
-0.219309 0.975397 0.022453 1.514825
-0.478357 -0.087439 -0.873801 1.471810

-0.846486 -0.204895 0.491405 1.407060
-0.221541 0.974835 0.024843 1.516610
-0.484129 -0.087837 -0.870576 1.472538

-0.842450 -0.206969 0.497434 1.408911
-0.223095 0.974406 0.027592 1.517863
-0.490413 -0.087730 -0.867063 1.473498

-0.838037 -0.208934 0.504023 1.411122
-0.224673 0.973967 0.030177 1.519597
-0.497207 -0.087951 -0.863162 1.474400

-0.833622 -0.211192 0.510364 1.413272
-0.226106 0.973525 0.033533 1.520770
-0.503934 -0.087443 -0.859304 1.475494

-0.828924 -0.213239 0.517120 1.414913
-0.227810 0.973037 0.036070 1.522047
-0.510869 -0.087906 -0.855152 1.475908

-0.824736 -0.215482 0.522854 1.418013
-0.229583 0.972521 0.038664 1.524083
-0.516818 -0.088151 -0.851544 1.478181

-0.820486 -0.218239 0.528369 1.420844
-0.231681 0.971899 0.041666 1.526174
-0.522615 -0.088227 -0.847991 1.479750

-0.815693 -0.221574 0.534367 1.423204
-0.234421 0.971101 0.044829 1.526925
-0.528858 -0.088700 -0.844062 1.481159

-0.810905 -0.224828 0.540263 1.425774
-0.237485 0.970238 0.047309 1.528685
-0.534820 -0.089941 -0.840165 1.482813

-0.806126 -0.228545 0.545827 1.428165
-0.240639 0.969302 0.050462 1.530576
-0.540604 -0.090669 -0.836377 1.484381

-0.801540 -0.232167 0.551028 1.430924
-0.243410 0.968421 0.053958 1.532352
-0.546154 -0.090876 -0.832740 1.486822

-0.796810 -0.235620 0.556396 1.433305
-0.246157 0.967540 0.057211 1.534172
-0.551816 -0.091374 -0.828945 1.488540

-0.792233 -0.239689 0.561173 1.435745
-0.249377 0.966499 0.060755 1.535860
-0.556935 -0.091812 -0.825465 1.490537

-0.787994 -0.243630 0.565428 1.438415
-0.252609 0.965453 0.063949 1.537697
-0.561474 -0.092440 -0.822314 1.492780

-0.783404 -0.247136 0.570264 1.440315
-0.255663 0.964459 0.066751 1.539199
-0.566493 -0.093502 -0.818744 1.494169

-0.778935 -0.250803 0.574767 1.442485
-0.258440 0.963475 0.070175 1.541259
-0.571373 -0.093881 -0.815302 1.495842

-0.774500 -0.254122 0.579285 1.444435
-0.260702 0.962601 0.073720 1.541770
-0.576354 -0.093925 -0.811784 1.497580

-0.756492 -0.266148 0.597397 1.452576
-0.268763 0.959267 0.087027 1.549181
-0.596226 -0.094723 -0.797209 1.504424

-0.752431 -0.269074 0.601204 1.454467
-0.270645 0.958441 0.090234 1.551271
-0.600498 -0.094818 -0.793984 1.506093

-0.748281 -0.271338 0.605352 1.455928
-0.272207 0.957752 0.092818 1.553666
-0.604962 -0.095327 -0.790527 1.506931

-0.743528 -0.274110 0.609942 1.456989
-0.273879 0.956942 0.096191 1.554592
-0.610046 -0.095529 -0.786586 1.507518

-0.738981 -0.277412 0.613961 1.458270
-0.275871 0.955988 0.099907 1.556847
-0.614655 -0.095545 -0.782988 1.508491

-0.734570 -0.280665 0.617765 1.459600
-0.277894 0.955025 0.103454 1.557659
-0.619016 -0.095679 -0.779528 1.509792

-0.730239 -0.283064 0.621791 1.460531
-0.279853 0.954203 0.105728 1.559925
-0.623243 -0.096803 -0.776013 1.510592

-0.726117 -0.286704 0.624943 1.461752
-0.282244 0.953095 0.109313 1.561269
-0.626970 -0.097012 -0.772979 1.511645

-0.722551 -0.289749 0.627666 1.462843
-0.284171 0.952160 0.112417 1.563163
-0.630212 -0.097138 -0.770323 1.512812

-0.719291 -0.292233 0.630254 1.463675
-0.285599 0.951401 0.115194 1.565498
-0.633288 -0.097142 -0.767795 1.513694

-0.716115 -0.294391 0.632861 1.464376
-0.286682 0.950747 0.117868 1.566954
-0.636390 -0.097023 -0.765241 1.514389

-0.713232 -0.296048 0.635338 1.465497
-0.287346 0.950253 0.120213 1.569197
-0.639321 -0.096822 -0.762820 1.515685

-0.710044 -0.298534 0.637742 1.465839
-0.288263 0.949547 0.123550 1.571534
-0.642450 -0.096111 -0.760276 1.516227

-0.707063 -0.301262 0.639767 1.466489
-0.289100 0.948801 0.127274 1.572481
-0.645355 -0.094966 -0.757957 1.516773

-0.704478 -0.302996 0.641797 1.466801
-0.289250 0.948354 0.130224 1.574210
-0.648108 -0.093900 -0.755737 1.517087

-0.702668 -0.304403 0.643115 1.467622
-0.288857 0.948069 0.133141 1.576363
-0.650246 -0.092214 -0.754106 1.518379

-0.700566 -0.305283 0.644988 1.467844
-0.288148 0.947923 0.135690 1.578201
-0.652823 -0.090792 -0.752049 1.518694

-0.698569 -0.306830 0.646418 1.468044
-0.287853 0.947577 0.138702 1.579188
-0.655088 -0.089181 -0.750270 1.519360

-0.694619 -0.309629 0.649333 1.468138
-0.287834 0.946854 0.143591 1.584127
-0.659284 -0.087159 -0.746825 1.519698

-0.692520 -0.312075 0.650403 1.468111
-0.287809 0.946248 0.147581 1.586236
-0.661499 -0.084989 -0.745114 1.519869

-0.690213 -0.315035 0.651428 1.468571
-0.288403 0.945425 0.151640 1.587192
-0.663648 -0.083210 -0.743402 1.520699

-0.685555 -0.320636 0.653610 1.469783
-0.290783 0.943665 0.157931 1.590981
-0.667427 -0.081788 -0.740169 1.522763

-0.682870 -0.323803 0.654858 1.470533
-0.292952 0.942547 0.160572 1.592525
-0.669229 -0.082192 -0.738496 1.523967

-0.679816 -0.327300 0.656296 1.470855
-0.295619 0.941262 0.163202 1.594352
-0.671162 -0.083066 -0.736641 1.524500

-0.677084 -0.330940 0.657294 1.471616
-0.297683 0.940009 0.166638 1.596276
-0.673010 -0.082838 -0.734980 1.525674

-0.670325 -0.336707 0.661281 1.473866
-0.299901 0.938038 0.173622 1.599539
-0.678766 -0.081935 -0.729769 1.529026

-0.665945 -0.339066 0.664493 1.475216
-0.300430 0.937211 0.177137 1.601139
-0.682831 -0.081670 -0.725997 1.530917

-0.660978 -0.341127 0.668386 1.476766
-0.301440 0.936378 0.179805 1.602976
-0.687199 -0.082631 -0.721754 1.533373

-0.655615 -0.343618 0.672380 1.478087
-0.302715 0.935376 0.182854 1.604047
-0.691760 -0.083657 -0.717265 1.535235

-0.650075 -0.346374 0.676333 1.478868
-0.304398 0.934234 0.185874 1.606199
-0.696235 -0.085043 -0.712758 1.536828

-0.644158 -0.350075 0.680079 1.480337
-0.306473 0.932754 0.189856 1.607888
-0.700810 -0.086128 -0.708129 1.538887

-0.637986 -0.353914 0.683899 1.481996
-0.308590 0.931198 0.194017 1.609465
-0.705510 -0.087264 -0.703306 1.541451

-0.631868 -0.356623 0.688158 1.483726
-0.310022 0.930031 0.197304 1.611200
-0.710372 -0.088674 -0.698218 1.544434

-0.625750 -0.359189 0.692401 1.485454
-0.311642 0.928867 0.200214 1.612784
-0.715063 -0.090498 -0.693177 1.547527

-0.619446 -0.361614 0.696794 1.486773
-0.313243 0.927726 0.202989 1.613851
-0.719837 -0.092525 -0.687948 1.550259

-0.613293 -0.363265 0.701363 1.488113
-0.314681 0.926824 0.204873 1.614947
-0.724463 -0.095058 -0.682727 1.552921

-0.607101 -0.364688 0.705996 1.489451
-0.316080 0.925982 0.206519 1.616325
-0.729055 -0.097774 -0.677436 1.555422

-0.600784 -0.366470 0.710463 1.490522
-0.317915 0.924960 0.208275 1.617594
-0.733477 -0.100739 -0.672208 1.557539

-0.594845 -0.368371 0.714466 1.491980
-0.320123 0.923853 0.209802 1.618502
-0.737346 -0.103918 -0.667473 1.560028

-0.589257 -0.369979 0.718256 1.493289
-0.322114 0.922862 0.211110 1.619629
-0.740957 -0.106962 -0.662978 1.562520

-0.583509 -0.370774 0.722526 1.494588
-0.323613 0.922163 0.211872 1.620396
-0.744843 -0.110189 -0.658078 1.565132

-0.577696 -0.370894 0.727120 1.495936
-0.324811 0.921694 0.212082 1.621184
-0.748842 -0.113658 -0.652930 1.567604

-0.566288 -0.371510 0.735729 1.498324
-0.327536 0.920576 0.212746 1.622560
-0.756332 -0.120502 -0.642994 1.572343

-0.560661 -0.371695 0.739933 1.499233
-0.329129 0.920003 0.212764 1.623379
-0.759824 -0.124245 -0.638146 1.574383

-0.555286 -0.372159 0.743744 1.500591
-0.330656 0.919362 0.213166 1.623577
-0.763102 -0.127555 -0.633565 1.576764

-0.550314 -0.372135 0.747442 1.502001
-0.332159 0.918875 0.212931 1.624256
-0.766045 -0.131091 -0.629277 1.578934

-0.545088 -0.372563 0.751050 1.503060
-0.333379 0.918286 0.213566 1.624547
-0.769245 -0.133972 -0.624751 1.580701

-0.540414 -0.373240 0.754085 1.504427
-0.334696 0.917629 0.214327 1.624465
-0.771965 -0.136564 -0.620821 1.582962

-0.536438 -0.373057 0.757009 1.505656
-0.335250 0.917381 0.214522 1.624195
-0.774494 -0.138710 -0.617185 1.584966

-0.532974 -0.371619 0.760156 1.507104
-0.335412 0.917581 0.213411 1.624064
-0.776812 -0.141223 -0.613692 1.587085

-0.529675 -0.370320 0.763090 1.508421
-0.335178 0.917819 0.212755 1.622915
-0.779166 -0.143080 -0.610269 1.588956

-0.527302 -0.368837 0.765449 1.509839
-0.335445 0.918059 0.211292 1.621784
-0.780659 -0.145351 -0.607818 1.591036

-0.525815 -0.366496 0.767593 1.511066
-0.335692 0.918578 0.208630 1.620035
-0.781556 -0.147974 -0.606031 1.592780

-0.525064 -0.364077 0.769256 1.512402
-0.335987 0.919134 0.205681 1.618237
-0.781933 -0.150465 -0.604930 1.594331

-0.524991 -0.361102 0.770707 1.513579
-0.336495 0.919819 0.201752 1.616158
-0.781764 -0.153421 -0.604406 1.595916

-0.525386 -0.358268 0.771759 1.514846
-0.337271 0.920419 0.197677 1.613742
-0.781164 -0.156435 -0.604409 1.597038

-0.526437 -0.355195 0.772463 1.516163
-0.337363 0.921233 0.193689 1.611114
-0.780417 -0.158635 -0.604801 1.598410

-0.527869 -0.347813 0.774842 1.518465
-0.338190 0.922936 0.183895 1.605483
-0.779090 -0.164972 -0.604816 1.600470

-0.529085 -0.344000 0.775714 1.519351
-0.338949 0.923725 0.178453 1.602559
-0.777934 -0.168511 -0.605327 1.601191

-0.530449 -0.340012 0.776540 1.520398
-0.339902 0.924486 0.172606 1.599645
-0.776588 -0.172389 -0.605964 1.601728

-0.532204 -0.336363 0.776929 1.521315
-0.340354 0.925269 0.167439 1.597162
-0.775189 -0.175319 -0.606914 1.602139

-0.533855 -0.331911 0.777711 1.522122
-0.340036 0.926365 0.161938 1.594990
-0.774193 -0.177998 -0.607406 1.602501

-0.535638 -0.327088 0.778527 1.523210
-0.339180 0.927634 0.156372 1.592367
-0.773336 -0.180302 -0.607817 1.602887

-0.537187 -0.323317 0.779035 1.523997
-0.338116 0.928702 0.152283 1.590087
-0.772727 -0.181600 -0.608206 1.602730

-0.538180 -0.319622 0.779874 1.524814
-0.337586 0.929584 0.148015 1.587456
-0.772267 -0.183616 -0.608184 1.602702

-0.540060 -0.315894 0.780093 1.526051
-0.337382 0.930413 0.143196 1.584432
-0.771044 -0.185855 -0.609056 1.603196

-0.542553 -0.311594 0.780093 1.526928
-0.336196 0.931585 0.138281 1.582101
-0.769810 -0.187240 -0.610191 1.603276

-0.544757 -0.306859 0.780434 1.527655
-0.335000 0.932794 0.132929 1.579310
-0.768774 -0.189031 -0.610944 1.603401

-0.549337 -0.296357 0.781282 1.529280
-0.332031 0.935428 0.121370 1.573698
-0.766801 -0.192737 -0.612264 1.603345

-0.551466 -0.291753 0.781514 1.529917
-0.330763 0.936530 0.116225 1.571287
-0.765820 -0.194402 -0.612965 1.603391

-0.553191 -0.287143 0.782002 1.530824
-0.330557 0.937314 0.110335 1.568636
-0.764664 -0.197460 -0.613432 1.603502

-0.554909 -0.283830 0.781995 1.531661
-0.331043 0.937707 0.105437 1.565635
-0.763208 -0.200366 -0.614301 1.603603

-0.556530 -0.281958 0.781520 1.532467
-0.332161 0.937716 0.101775 1.562033
-0.761540 -0.202949 -0.615523 1.603706

-0.558824 -0.278547 0.781106 1.533256
-0.333023 0.937994 0.096241 1.559442
-0.759480 -0.206345 -0.616937 1.603719

-0.561261 -0.274539 0.780777 1.533962
-0.332650 0.938656 0.090928 1.556152
-0.757845 -0.208692 -0.618157 1.603593

-0.563718 -0.270275 0.780495 1.534679
-0.332334 0.939302 0.085237 1.553132
